106
889
1467
1609
2093
2164
2582
2810
3293
3671
3782
4010
4460
4534
4871
5360
5656
5773
6070
6184
6587
6857
6932
7009
7237
7312
7769
8177
8510
8960
9259
9297
9372
9634
9690
9748
9784
10046
10085
10158
10459
10539
10834
10909
10985
11246
11322
11659
11774
12072
12110
12184
12411
12465
12559
12896
12973
13231
13272
13361
13685
13760
14059
14154
14472
14560
14888
15221
15336
15672
15761
16091
16126
16460
16536
16871
16948
17248
17285
17360
17630
17703
17774
18035
18110
18184
18449
18485
18558
18824
19276
19743
20063
20139
20495
20549
21035
21171
21499
21596
21902
22343
22364
22610
22627
22761
23104
23542
23884
23959
24259
24334
24408
24635
24708
24783
25048
25107
25185
25458
25534
25610
25834
25910
25984
26246
26304
26359
26396
26658
26697
26774
27074
27146
27207
27446
27543
27578
27824
27878
27917
27959
27991
28274
28666
28689
28803
29025
29099
29172
29471
29562
29811
29865
29960
30001
30228
30266
30334
30672
30710
30767
31052
31082
31123
31160
31458
31517
31571
31609
31833
31871
31949
32216
32246
32284
32356
32395
32664
32716
32774
33053
33094
33145
33184
33410
33466
33508
33578
33860
33921
33972
34273
34347
34385
34610
34666
34683
34759
35022
35060
35135
35471
35547
35810
35865
35928
35979
36259
36316
36410
36672
36747
36801
37084
37142
37180
37440
37536
37590
37874
37984
38290
38734
39110
39466
39559
39860
39973
40305