481
1178
1823
1897
2384
2648
3029
3170
3403
3883
4300
4729
5013
5199
5427
5574
5945
6251
6362
6699
7071
7152
7414
7450
7598
7899
7982
8261
8353
8609
8692
9063
9137
9174
9400
9437
9512
9569
9848
9925
9981
10222
10262
10337
10375
10600
10655
10712
10793
11032
11086
11164
11424
11500
11574
11842
11875
11949
12286
12625
12698
12773
13039
13075
13413
13449
13524
13599
13829
13899
13975
14255
14275
14379
14616
14726
14800
15025
15100
15175
15404
15455
15549
15833
15886
15999
16225
16375
16604
16672
16769
17013
17091
17463
17539
17839
17874
17950
18211
18289
18363
18661
19000
19414
19564
19913
20243
20314
20651
20727
21226
21296
21399
21774
22000
22036
22154
22432
22900
22972
23200
23274
23347
23648
23724
23799
24070
24143
24196
24473
24548
24816
24887
24964
25223
25298
25374
25396
25672
25749
26056
26124
26163
26462
26537
26598
26835
26896
26947
26988
27236
27286
27324
27398
27662
27736
28096
28450
28483
28562
28864
28904
29200
29256
29312
29385
29650
29727
30060
30143
30438
30457
30512
30585
30818
30887
30911
30961
31225
31261
31338
31374
31655
31712
31793
32011
32050
32086
32167
32441
32497
32536
32575
32839
32879
32933
33250
33325
33624
33699
33775
34038
34075
34132
34188
34450
34525
34824
34899
34975
35241
35275
35332
35613
35671
35725
36024
36102
36175
36456
36514
36590
36849
36961
36999
37262
37299
37373
37636
37691
37752
38175
38424
38575
38856
38950
39249
39699
39774
40073