96
879
1457
1599
2083
2154
2572
2800
3283
3661
3772
4000
4450
4524
4861
5350
5646
5763
6060
6174
6577
6847
6922
6999
7227
7302
7759
8167
8500
8950
9249
9287
9362
9624
9680
9738
9774
10036
10075
10148
10449
10529
10824
10899
10975
11236
11312
11649
11764
12062
12100
12174
12401
12455
12549
12886
12963
13221
13262
13351
13675
13750
14049
14144
14462
14550
14878
15211
15326
15662
15751
16081
16116
16450
16526
16861
16938
17238
17275
17350
17620
17693
17764
18025
18100
18174
18439
18475
18548
18814
19266
19733
20053
20129
20485
20539
21025
21161
21489
21586
21892
22333
22354
22600
22617
22751
23094
23532
23874
23949
24249
24324
24398
24625
24698
24773
25038
25097
25175
25448
25524
25600
25824
25900
25974
26236
26294
26349
26386
26648
26687
26764
27064
27136
27197
27436
27533
27568
27814
27868
27907
27949
27981
28264
28656
28679
28793
29015
29089
29162
29461
29552
29801
29855
29950
29991
30218
30256
30324
30662
30700
30757
31042
31072
31113
31150
31448
31507
31561
31599
31823
31861
31939
32206
32236
32274
32346
32385
32654
32706
32764
33043
33084
33135
33174
33400
33456
33498
33568
33850
33911
33962
34263
34337
34375
34600
34656
34673
34749
35012
35050
35125
35461
35537
35800
35855
35918
35969
36249
36306
36400
36662
36737
36791
37074
37132
37170
37430
37526
37580
37864
37974
38280
38724
39100
39456
39549
39850
39963
40295